914.534 -310.570 0		
915.189 -299.327 0		
915.242 -288.100 0	
916.169 -276.680 0		
916.551 -265.405 0		
917.971 -254.027 0 		
918.561 -242.318 0		
919.238 -231.262 0 		
919.690 -220.169 0	
903.726 -309.480 0		
904.143 -298.625 0		
904.449 -287.355 0		
904.737 -276.082 0		
905.604 -264.832 0		
905.958 -253.365 0		
906.746 -242.294 0		
907.110 -231.093 0		
907.961 -219.341 0	
892.593 -309.914 0		
893.031 -298.709 0		
893.418 -287.481 0		
894.457 -275.922 0		
894.643 -264.210 0		
895.519 -253.084 0		
896.043 -241.796 0		
896.481 -230.135 0		
896.948 -219.531 0	
881.103 -309.512 0		
881.851 -297.929 0		
882.383 -286.633 0		
882.996 -275.597 0		
883.571 -263.354 0		
884.050 -252.858 0		
884.578 -240.916 0		
885.281 -230.094 0		
885.870 -218.373 0	
869.996 -308.562 0		
870.512 -297.678 0		
871.028 -286.301 0		
871.618 -274.688 0		
872.064 -263.453 0		
872.495 -252.301 0		
873.367 -240.884 0		
873.892 -228.834 0		
874.319 -218.483 0	
859.037 -307.288 0		
859.567 -296.951 0		
860.088 -285.620 0		
860.528 -274.415 0		
816.016 -263.268 0		
861.601 -251.943 0		
862.202 -240.549 0		
862.816 -228.922 0		
863.244 -218.075 0